0 0.5 1 2.5 4 6.5 9 12.5 16 20.5 25 30.5 36 42.5 49 56.5 64 72.5 81 90.5
0.5 1 1.5 3 4.5 7 9.5 13 16.5 21 25.5 31 36.5 43 49.5 57 64.5 73 81.5 91
1 1.5 2 3.5 5 7.5 10 13.5 17 21.5 26 31.5 37 43.5 50 57.5 65 73.5 82 91.5
2.5 3 3.5 5 6.5 9 11.5 15 18.5 23 27.5 33 38.5 45 51.5 59 66.5 75 83.5 93
4 4.5 5 6.5 8 10.5 13 16.5 20 24.5 29 34.5 40 46.5 53 60.5 68 76.5 85 94.5
6.5 7 7.5 9 10.5 13 15.5 19 22.5 27 31.5 37 42.5 49 55.5 63 70.5 79 87.5 97
9 9.5 10 11.5 13 15.5 18 21.5 25 29.5 34 39.5 45 51.5 58 65.5 73 81.5 90 99.5
12.5 13 13.5 15 16.5 19 21.5 25 28.5 33 37.5 43 48.5 55 61.5 69 76.5 85 93.5 103
16 16.5 17 18.5 20 22.5 25 28.5 32 36.5 41 46.5 52 58.5 65 72.5 80 88.5 97 106.5
20.5 21 21.5 23 24.5 27 29.5 33 36.5 41 45.5 51 56.5 63 69.5 77 84.5 93 101.5 111
25 25.5 26 27.5 29 31.5 34 37.5 41 45.5 50 55.5 61 67.5 74 81.5 89 97.5 106 115.5
30.5 31 31.5 33 34.5 37 39.5 43 46.5 51 55.5 61 66.5 73 79.5 87 94.5 103 111.5 121
36 36.5 37 38.5 40 42.5 45 48.5 52 56.5 61 66.5 72 78.5 85 92.5 100 108.5 117 126.5
42.5 43 43.5 45 46.5 49 51.5 55 58.5 63 67.5 73 78.5 85 91.5 99 106.5 115 123.5 133
49 49.5 50 51.5 53 55.5 58 61.5 65 69.5 74 79.5 85 91.5 98 105.5 113 121.5 130 139.5
56.5 57 57.5 59 60.5 63 65.5 69 72.5 77 81.5 87 92.5 99 105.5 113 120.5 129 137.5 147
64 64.5 65 66.5 68 70.5 73 76.5 80 84.5 89 94.5 100 106.5 113 120.5 128 136.5 145 154.5
72.5 73 73.5 75 76.5 79 81.5 85 88.5 93 97.5 103 108.5 115 121.5 129 136.5 145 153.5 163
81 81.5 82 83.5 85 87.5 90 93.5 97 101.5 106 111.5 117 123.5 130 137.5 145 153.5 162 171.5
90.5 91 91.5 93 94.5 97 99.5 103 106.5 111 115.5 121 126.5 133 139.5 147 154.5 163 171.5 181
